## htsjdk.samtools.metrics.StringHeader
# picard.analysis.CollectMultipleMetrics INPUT=/home/dnanexus/in/sorted_bam/NGS239B_29_206304_EP_F_CMCMD_Pan2022_S1_R1_001.bam OUTPUT=/home/dnanexus/out/moka_picard_stats/QC/NGS239B_29_206304_EP_F_CMCMD_Pan2022_S1_R1_001 PROGRAM=[CollectAlignmentSummaryMetrics, CollectBaseDistributionByCycle, CollectInsertSizeMetrics, MeanQualityByCycle, QualityScoreDistribution, CollectAlignmentSummaryMetrics, CollectInsertSizeMetrics, QualityScoreDistribution, MeanQualityByCycle, CollectBaseDistributionByCycle] REFERENCE_SEQUENCE=genome.fa    ASSUME_SORTED=true STOP_AFTER=0 METRIC_ACCUMULATION_LEVEL=[ALL_READS] VERBOSITY=INFO QUIET=false VALIDATION_STRINGENCY=STRICT COMPRESSION_LEVEL=5 MAX_RECORDS_IN_RAM=500000 CREATE_INDEX=false CREATE_MD5_FILE=false GA4GH_CLIENT_SECRETS=client_secrets.json
## htsjdk.samtools.metrics.StringHeader
# Started on: Wed Oct 10 02:44:37 UTC 2018

## METRICS CLASS	picard.analysis.BaseDistributionByCycleMetrics
READ_END	CYCLE	PCT_A	PCT_C	PCT_G	PCT_T	PCT_N
1	1	9.560443	40.39334	40.156262	9.889897	0.000058
1	2	18.311299	32.026065	30.509165	19.153472	0
1	3	27.837113	21.73028	20.996975	29.435628	0.000004
1	4	27.74774	22.116821	21.117331	29.018107	0
1	5	29.231181	20.293932	19.672507	30.802249	0.00013
1	6	29.08247	20.610465	20.413536	29.870019	0.023511
1	7	26.743052	22.482395	22.375184	28.398827	0.000542
1	8	24.398655	24.801311	25.014304	25.782376	0.003354
1	9	22.461633	26.866184	27.260104	23.411281	0.000797
1	10	21.236564	28.494567	28.321503	21.94703	0.000336
1	11	23.325029	26.126373	26.56654	23.981731	0.000327
1	12	22.311453	27.021357	27.838739	22.82825	0.000201
1	13	19.148273	29.95842	30.687691	20.204783	0.000833
1	14	22.151624	26.999592	27.277266	23.571271	0.000246
1	15	26.781495	22.185665	22.295943	28.736735	0.000161
1	16	27.112763	22.008312	21.343461	29.535437	0.000027
1	17	27.722071	21.457809	20.935935	29.884185	0
1	18	27.409747	21.916624	21.771418	28.90221	0
1	19	25.180388	24.052106	23.710182	27.057319	0.000004
1	20	25.492475	24.113827	23.605264	26.788435	0
1	21	26.200313	23.323623	23.034729	27.441335	0
1	22	24.845543	24.824777	24.122034	26.207602	0.000045
1	23	25.657417	23.905082	23.566185	26.871315	0
1	24	26.160724	23.200464	23.250749	27.388063	0
1	25	24.854591	24.398996	24.464361	26.281792	0.00026
1	26	25.399175	23.974625	24.136975	26.489225	0
1	27	25.834659	23.581068	23.695474	26.8888	0
1	28	24.911248	24.874144	24.299893	25.914284	0.00043
1	29	25.084953	24.17116	24.314718	26.429161	0.000009
1	30	25.763244	23.668063	23.773631	26.795057	0.000004
1	31	24.877659	24.754258	24.489273	25.878783	0.000027
1	32	25.173403	24.131593	24.249594	26.445378	0.000031
1	33	25.77134	23.702176	23.680206	26.846211	0.000067
1	34	25.094919	24.822162	24.460658	25.622194	0.000067
1	35	25.521918	24.376913	23.910966	26.190131	0.000072
1	36	26.428928	23.484065	23.452137	26.634856	0.000013
1	37	24.577146	25.002233	24.605094	25.815522	0.000004
1	38	25.461335	24.318268	24.205747	26.014614	0.000036
1	39	26.108016	23.578328	23.499803	26.81371	0.000143
1	40	24.478787	24.953792	24.834945	25.732368	0.000107
1	41	25.250481	24.25661	24.390726	26.102151	0.000031
1	42	25.625095	23.655276	23.718743	27.000886	0
1	43	24.559666	24.969051	24.737047	25.734056	0.000179
1	44	24.982819	24.063317	24.456987	26.496769	0.000107
1	45	25.509677	23.593358	23.798866	27.098046	0.000054
1	46	24.354244	24.943315	24.744529	25.957813	0.000099
1	47	24.951446	24.515761	24.024069	26.508581	0.000143
1	48	25.733752	23.803576	23.667387	26.795146	0.000139
1	49	24.846649	24.610735	24.510129	26.03238	0.000107
1	50	24.936595	24.355467	24.465064	26.242785	0.00009
1	51	25.698636	23.620957	23.844226	26.835953	0.000228
1	52	24.632715	24.838213	24.408568	26.120387	0.000116
1	53	24.864912	24.653481	24.236462	26.24502	0.000125
1	54	25.356765	23.944139	23.80988	26.889149	0.000067
1	55	24.720615	24.665955	24.706507	25.906852	0.000072
1	56	24.937736	24.544363	24.192853	26.324977	0.000072
1	57	25.658863	23.786208	23.879646	26.675166	0.000116
1	58	24.86733	24.695918	24.444535	25.992101	0.000116
1	59	25.007176	24.506435	24.351983	26.134075	0.000331
1	60	25.467437	23.936214	23.929959	26.666148	0.000242
1	61	24.898416	24.62547	24.545451	25.930564	0.000099
1	62	24.979922	24.188863	24.298528	26.532584	0.000103
1	63	25.679558	23.680439	23.614648	27.025279	0.000076
1	64	24.869707	24.783629	24.466506	25.880086	0.000072
1	65	25.008698	24.343194	24.363432	26.284519	0.000157
1	66	25.411725	24.03455	23.842175	26.711473	0.000076
1	67	24.71423	24.830257	24.336178	26.119169	0.000166
1	68	24.967278	24.356787	24.090428	26.585359	0.000148
1	69	25.342657	24.024879	23.811774	26.820555	0.000134
1	70	24.449671	24.917664	24.592463	26.040144	0.000058
1	71	24.973927	24.426285	24.153214	26.446533	0.00004
1	72	25.660851	23.67499	23.796703	26.867192	0.000264
1	73	24.564202	24.939886	24.609424	25.886404	0.000085
1	74	25.157441	24.44886	24.267777	26.125814	0.000107
1	75	25.658993	23.815969	23.832929	26.692064	0.000045
1	76	24.71119	24.850007	24.516787	25.922017	0
1	77	24.804494	24.689385	24.296553	26.20955	0.000018
1	78	25.708065	23.901317	23.86004	26.530529	0.000049
1	79	24.70721	24.931096	24.557208	25.804432	0.000054
1	80	25.044643	24.670414	24.113961	26.170982	0
1	81	25.694561	23.730429	23.886094	26.688853	0.000063
1	82	24.782989	24.799958	24.5751	25.841845	0.000107
1	83	25.027584	24.28223	24.646716	26.043412	0.000058
1	84	25.561888	23.69615	24.093952	26.647939	0.000072
1	85	24.866667	24.495385	24.61939	26.0185	0.000058
1	86	25.005027	24.397191	24.271829	26.325814	0.000139
1	87	25.521112	23.868529	23.887697	26.722537	0.000125
1	88	24.698237	24.64933	24.483645	26.168653	0.000134
1	89	25.01682	24.473186	24.127004	26.382896	0.000094
1	90	25.596668	23.85588	23.829773	26.717544	0.000134
1	91	24.763951	24.745084	24.355113	26.135794	0.000058
1	92	25.20102	24.366427	24.23901	26.193503	0.00004
1	93	25.765752	23.786678	24.058003	26.389567	0
1	94	24.932314	24.545943	24.706269	25.815388	0.000085
1	95	25.131692	24.186808	24.324205	26.357263	0.000031
1	96	25.371586	24.07705	24.181171	26.370194	0
1	97	24.831524	24.517378	24.433601	26.217412	0.000085
1	98	24.926825	24.517261	24.22179	26.334119	0.000004
1	99	25.604638	24.061155	23.801547	26.532458	0.000201
1	100	24.783643	24.642668	24.550389	26.023295	0.000004
1	101	25.072318	24.20555	24.307836	26.414251	0.000045
1	102	25.429689	24.064849	23.829607	26.675784	0.000072
1	103	25.037416	24.716809	24.160163	26.085611	0
1	104	25.087935	24.412965	24.151602	26.347372	0.000125
1	105	25.328889	24.055657	24.048627	26.566827	0
1	106	24.873047	24.636015	24.425045	26.065736	0.000157
1	107	25.074283	24.438741	24.207803	26.279016	0.000157
1	108	25.513559	24.113925	23.964842	26.407316	0.000358
1	109	24.849899	24.699011	24.453127	25.997953	0.000009
1	110	25.134334	24.252563	24.275832	26.337271	0
1	111	25.39048	24.224141	23.895425	26.489955	0
1	112	24.888382	24.669358	24.38388	26.058058	0.000322
1	113	25.265758	24.27075	24.156895	26.306597	0
1	114	25.395114	24.062583	24.032728	26.509534	0.00004
1	115	24.714185	24.937683	24.464088	25.884044	0
1	116	25.06249	24.475939	24.08981	26.371756	0.000004
1	117	25.456087	24.102951	23.894811	26.546123	0.000027
1	118	24.90802	24.637121	24.491261	25.963562	0.000036
1	119	25.130031	24.321891	24.310693	26.237386	0
1	120	25.409894	24.189674	24.033503	26.366921	0.000009
1	121	24.911078	24.561189	24.533863	25.993794	0.000076
1	122	25.095022	24.402304	24.357231	26.145443	0
1	123	25.446156	24.165241	24.120856	26.267684	0.000063
1	124	24.92648	24.753524	24.339782	25.980187	0.000027
1	125	25.172665	24.384923	24.461016	25.981391	0.000004
1	126	25.197098	24.179376	24.232276	26.391206	0.000045
1	127	24.715681	24.801749	24.600518	25.882002	0.000049
1	128	24.874534	24.527846	24.336357	26.261169	0.000094
1	129	25.345393	24.094104	24.190869	26.369603	0.000031
1	130	24.955758	24.88403	24.360522	25.79965	0.00004
1	131	24.902307	24.737835	24.224436	26.135395	0.000027
1	132	25.317906	24.271954	24.197558	26.212532	0.000049
1	133	24.863179	24.862149	24.49564	25.778691	0.00034
1	134	24.926359	24.687899	24.400666	25.984848	0.000228
1	135	25.334468	24.442672	24.156286	26.066533	0.00004
1	136	24.906243	24.772946	24.410471	25.910322	0.000018
1	137	24.8962	24.69281	24.424732	25.986222	0.000036
1	138	25.035675	24.509793	24.444087	26.010382	0.000063
1	139	24.813355	24.78517	24.508374	25.893088	0.000013
1	140	24.898989	24.745227	24.377536	25.977778	0.00047
1	141	25.301201	24.387072	24.297784	26.01392	0.000022
1	142	24.672846	24.883444	24.619793	25.823685	0.000233
1	143	24.930734	24.583889	24.441934	26.043376	0.000067
1	144	25.069792	24.400903	24.5413	25.988004	0
1	145	24.720127	24.988716	24.580424	25.710729	0.000004
1	146	24.897861	24.803608	24.507299	25.791188	0.000045
1	147	25.156067	24.488149	24.565971	25.789782	0.000031
1	148	24.83456	24.925209	24.789629	25.450576	0.000027
1	149	24.93873	24.69444	24.643984	25.722559	0.000287
1	150	25.135449	24.67461	24.539845	25.650074	0.000022
1	151	23.752614	25.760652	25.673267	24.813453	0.000013
2	152	8.812281	41.337427	40.27498	9.466718	0.108594
2	153	17.286252	31.395005	32.912577	18.354841	0.051324
2	154	28.426471	21.102775	21.901831	28.557506	0.011417
2	155	27.109848	22.19608	21.684709	29.007469	0.001894
2	156	28.938732	20.588051	19.865062	30.60807	0.000085
2	157	29.040741	20.799428	20.2844	29.875427	0.000004
2	158	26.511643	22.951051	22.292411	28.244859	0.000036
2	159	24.207113	25.461536	24.574299	25.756775	0.000278
2	160	22.306828	27.441443	26.904238	23.346802	0.00069
2	161	21.082031	28.74976	28.29257	21.875114	0.000524
2	162	23.045533	26.539967	26.540459	23.873405	0.000636
2	163	22.001085	27.80103	27.520088	22.677322	0.000475
2	164	19.104529	30.626575	30.212749	20.055032	0.001115
2	165	22.333611	27.385789	27.137079	23.142705	0.000815
2	166	27.198375	22.380284	22.395256	28.025002	0.001084
2	167	27.71142	21.944921	21.441099	28.901807	0.000752
2	168	28.168959	21.433649	21.097255	29.299256	0.000882
2	169	27.704623	21.926501	21.801618	28.56647	0.000788
2	170	25.25225	24.152632	23.810256	26.78376	0.001101
2	171	25.448037	24.148683	23.686622	26.714965	0.001692
2	172	26.12212	23.401547	23.124115	27.350892	0.001325
2	173	24.761149	24.881075	24.276177	26.079168	0.002431
2	174	25.631386	23.846706	23.609016	26.911178	0.001715
2	175	26.098641	23.17128	23.339442	27.388381	0.002257
2	176	24.732323	24.424159	24.615002	26.225641	0.002874
2	177	25.272447	23.937691	24.30909	26.477678	0.003094
2	178	25.788748	23.527563	23.810995	26.868705	0.003989
2	179	24.771899	24.895313	24.461433	25.868369	0.002986
2	180	24.993144	24.13779	24.415078	26.449497	0.004491
2	181	25.666788	23.629912	23.864611	26.834247	0.004442
2	182	24.76379	24.727004	24.627808	25.877879	0.003519
2	183	25.044473	24.133917	24.372458	26.446063	0.003089
2	184	25.731742	23.66317	23.787041	26.814377	0.003671
2	185	25.025551	24.807454	24.530957	25.632953	0.003085
2	186	25.423747	24.361251	24.012844	26.198432	0.003725
2	187	26.33818	23.390067	23.600097	26.668432	0.003224
2	188	24.469716	24.960011	24.742393	25.824902	0.002977
2	189	25.365819	24.261218	24.350268	26.017295	0.0054
2	190	26.071293	23.584829	23.542589	26.797842	0.003448
2	191	24.378507	24.989593	24.936845	25.690492	0.004562
2	192	25.116259	24.308593	24.449201	26.119881	0.006067
2	193	25.5847	23.673812	23.772977	26.96132	0.007191
2	194	24.464625	25.007884	24.825547	25.695112	0.006832
2	195	24.91419	24.121125	24.512005	26.445015	0.007665
2	196	25.440206	23.638329	23.839632	27.074199	0.007634
2	197	24.321152	24.93304	24.878478	25.858769	0.008561
2	198	24.889569	24.514396	24.148155	26.438371	0.00951
2	199	25.753846	23.731562	23.745809	26.758248	0.010535
2	200	24.815065	24.589069	24.51633	26.06862	0.010916
2	201	24.84908	24.362057	24.585219	26.192079	0.011565
2	202	25.683525	23.546888	23.90947	26.847026	0.013092
2	203	24.547931	24.875532	24.515703	26.048471	0.012362
2	204	24.712023	24.662037	24.355704	26.257914	0.012322
2	205	25.360007	23.87216	23.865381	26.889256	0.013195
2	206	24.670804	24.734414	24.77189	25.810467	0.012425
2	207	24.93137	24.477927	24.301089	26.278842	0.010773
2	208	25.61807	23.754759	23.968773	26.647661	0.010737
2	209	24.81789	24.659427	24.566181	25.949333	0.007168
2	210	24.969705	24.483448	24.418096	26.122004	0.006747
2	211	25.448659	23.872201	24.009061	26.665965	0.004115
2	212	24.841356	24.577469	24.664182	25.912176	0.004818
2	213	24.96229	24.176219	24.376743	26.479764	0.004983
2	214	25.674064	23.636077	23.682409	27.001155	0.006295
2	215	24.845037	24.736393	24.535466	25.877512	0.005592
2	216	24.939801	24.379058	24.424284	26.251583	0.005274
2	217	25.434788	23.978968	23.882418	26.697383	0.006443
2	218	24.681935	24.855751	24.427682	26.029675	0.004956
2	219	24.895251	24.303963	24.192476	26.602623	0.005686
2	220	25.374563	23.961645	23.889349	26.768788	0.005655
2	221	24.441307	24.904402	24.679656	25.970932	0.003703
2	222	24.953846	24.360741	24.219954	26.460426	0.005033
2	223	25.698099	23.567179	23.86544	26.864671	0.004612
2	224	24.593251	24.916643	24.619802	25.865678	0.004625
2	225	25.118399	24.435885	24.324156	26.117504	0.004057
2	226	25.69453	23.75796	23.859538	26.684421	0.003551
2	227	24.737799	24.827262	24.536612	25.894459	0.003868
2	228	24.792065	24.598414	24.378042	26.227056	0.004424
2	229	25.76632	23.815029	23.918304	26.495471	0.004876
2	230	24.697883	24.882732	24.584865	25.829031	0.005489
2	231	25.042212	24.591926	24.18307	26.177948	0.004845
2	232	25.728697	23.64278	23.938542	26.685289	0.004692
2	233	24.883171	24.712851	24.587229	25.809532	0.007218
2	234	25.058747	24.235195	24.640931	26.060063	0.005064
2	235	25.617918	23.603105	24.116943	26.65735	0.004683
2	236	24.839467	24.418016	24.670235	26.066381	0.005901
2	237	25.043994	24.260591	24.32258	26.370037	0.002798
2	238	25.554612	23.727371	23.954616	26.761615	0.001786
2	239	24.782228	24.581713	24.508759	26.126029	0.001272
2	240	25.088333	24.338376	24.172042	26.399928	0.001321
2	241	25.668078	23.686931	23.892268	26.751514	0.001209
2	242	24.879472	24.607324	24.43935	26.072658	0.001195
2	243	25.250029	24.268386	24.248891	26.231565	0.001128
2	244	25.81104	23.718443	24.038696	26.430974	0.000846
2	245	24.973394	24.429872	24.765281	25.831319	0.000134
2	246	25.227042	24.079109	24.334369	26.358678	0.000801
2	247	25.388156	24.012204	24.180894	26.418111	0.000636
2	248	24.905947	24.37921	24.49183	26.222767	0.000246
2	249	25.031945	24.323731	24.232679	26.411318	0.000327
2	250	25.708629	23.915551	23.823984	26.551581	0.000255
2	251	24.87054	24.506301	24.574048	26.048324	0.000788
2	252	25.178042	24.04415	24.352632	26.424661	0.000515
2	253	25.510187	23.914109	23.838195	26.736448	0.001061
2	254	25.10558	24.544	24.218365	26.13159	0.000466
2	255	25.196538	24.255845	24.187001	26.360245	0.000372
2	256	25.47435	23.869317	24.069035	26.586536	0.000761
2	257	24.955212	24.432536	24.469044	26.142125	0.001084
2	258	25.236794	24.216242	24.228139	26.318171	0.000654
2	259	25.638536	23.914046	23.992472	26.454579	0.000367
2	260	24.938641	24.572297	24.514866	25.974098	0.000099
2	261	25.27041	24.010646	24.301608	26.416964	0.000372
2	262	25.571451	24.0005	23.903282	26.524363	0.000403
2	263	25.018114	24.461151	24.465046	26.055573	0.000116
2	264	25.444339	24.009535	24.140378	26.405655	0.000094
2	265	25.540687	23.824584	24.081348	26.553198	0.000184
2	266	24.845274	24.737056	24.504313	25.913192	0.000166
2	267	25.194205	24.202313	24.163879	26.43898	0.000622
2	268	25.675747	23.809244	23.9204	26.594448	0.000161
2	269	25.061411	24.465476	24.524134	25.948908	0.000072
2	270	25.348142	24.019032	24.322576	26.309942	0.000309
2	271	25.632877	23.890643	24.039323	26.43692	0.000237
2	272	25.072201	24.314064	24.591505	26.022171	0.000058
2	273	25.303561	24.118134	24.359648	26.218603	0.000054
2	274	25.654986	23.861607	24.172198	26.311047	0.000161
2	275	25.195141	24.452581	24.395203	25.956614	0.000461
2	276	25.407351	24.080811	24.504228	26.007562	0.000049
2	277	25.427333	23.854801	24.272093	26.445105	0.000667
2	278	24.912815	24.457448	24.663448	25.966088	0.000201
2	279	25.137146	24.159948	24.372615	26.330135	0.000157
2	280	25.65611	23.700493	24.178677	26.464684	0.000036
2	281	25.210064	24.522979	24.399972	25.866864	0.000121
2	282	25.224177	24.330975	24.205098	26.239575	0.000175
2	283	25.626913	23.892949	24.185496	26.294548	0.000094
2	284	25.161467	24.483188	24.485727	25.869529	0.00009
2	285	25.246317	24.217124	24.401942	26.134455	0.000161
2	286	25.67157	23.960253	24.198472	26.169486	0.000219
2	287	25.196578	24.369387	24.475142	25.958749	0.000143
2	288	25.271118	24.199887	24.41108	26.117387	0.000528
2	289	25.414712	24.03875	24.453176	26.093066	0.000296
2	290	25.200742	24.322791	24.485203	25.990977	0.000287
2	291	25.288763	24.246823	24.316473	26.147739	0.000201
2	292	25.677879	23.94451	24.253772	26.123459	0.000381
2	293	25.015003	24.42552	24.563136	25.99597	0.000372
2	294	25.337786	24.088655	24.317091	26.256128	0.00034
2	295	25.56645	23.875402	24.367023	26.190633	0.000493
2	296	25.160419	24.501492	24.45871	25.878716	0.000663
2	297	25.351854	24.288516	24.35047	26.008059	0.001101
2	298	25.652443	23.967999	24.364963	26.013588	0.001007
2	299	25.294821	24.384601	24.679633	25.640533	0.000412
2	300	25.46005	24.154052	24.430472	25.954894	0.000533
2	301	25.671172	24.078469	24.347345	25.902173	0.000842
2	302	24.437779	24.965532	25.401226	25.195047	0.000416


