## htsjdk.samtools.metrics.StringHeader
# picard.analysis.CollectMultipleMetrics INPUT=/home/dnanexus/in/sorted_bam/NGS237A_07_202700_CM_M_WES34_Pan493_S2_R1_001.bam OUTPUT=/home/dnanexus/out/moka_picard_stats/QC/NGS237A_07_202700_CM_M_WES34_Pan493_S2_R1_001 PROGRAM=[CollectAlignmentSummaryMetrics, CollectBaseDistributionByCycle, CollectInsertSizeMetrics, MeanQualityByCycle, QualityScoreDistribution, CollectAlignmentSummaryMetrics, CollectInsertSizeMetrics, QualityScoreDistribution, MeanQualityByCycle, CollectBaseDistributionByCycle] REFERENCE_SEQUENCE=genome.fa    ASSUME_SORTED=true STOP_AFTER=0 METRIC_ACCUMULATION_LEVEL=[ALL_READS] VERBOSITY=INFO QUIET=false VALIDATION_STRINGENCY=STRICT COMPRESSION_LEVEL=5 MAX_RECORDS_IN_RAM=500000 CREATE_INDEX=false CREATE_MD5_FILE=false GA4GH_CLIENT_SECRETS=client_secrets.json
## htsjdk.samtools.metrics.StringHeader
# Started on: Fri Sep 28 03:34:05 UTC 2018

## METRICS CLASS	picard.analysis.BaseDistributionByCycleMetrics
READ_END	CYCLE	PCT_A	PCT_C	PCT_G	PCT_T	PCT_N
1	1	26.358535	23.330903	23.19887	27.101987	0.009706
1	2	26.982302	23.050519	22.786335	27.176192	0.004653
1	3	26.81068	23.333762	23.065973	26.785239	0.004347
1	4	26.703356	23.428462	23.17286	26.69097	0.004352
1	5	26.517615	23.537985	23.329699	26.610268	0.004433
1	6	25.845394	24.210406	23.928315	25.979215	0.03667
1	7	26.313892	23.813675	23.542307	26.325082	0.005045
1	8	26.473428	23.670137	23.383193	26.467248	0.005993
1	9	26.34018	23.832026	23.504049	26.317674	0.006071
1	10	26.530841	23.635876	23.275483	26.553297	0.004502
1	11	26.576416	23.620222	23.245377	26.552872	0.005114
1	12	26.473709	23.705267	23.3646	26.45133	0.005095
1	13	26.580189	23.597437	23.262243	26.555425	0.004705
1	14	26.578098	23.631768	23.25711	26.528394	0.00463
1	15	26.454762	23.756662	23.368766	26.415253	0.004558
1	16	26.467997	23.739715	23.350756	26.43683	0.004703
1	17	26.467679	23.750571	23.341351	26.435957	0.004441
1	18	26.37002	23.864644	23.442531	26.318452	0.004352
1	19	26.377342	23.84124	23.421568	26.35557	0.00428
1	20	26.413576	23.83221	23.382226	26.367684	0.004305
1	21	26.249328	23.98696	23.516149	26.243299	0.004263
1	22	26.295537	23.925044	23.468617	26.306539	0.004263
1	23	26.315602	23.91676	23.451466	26.311389	0.004783
1	24	26.177296	24.054048	23.56211	26.202018	0.004527
1	25	26.237239	23.985063	23.488923	26.284079	0.004694
1	26	26.234414	23.983559	23.498735	26.278306	0.004986
1	27	26.145768	24.083657	23.583243	26.182265	0.005067
1	28	26.191187	24.036631	23.526942	26.239962	0.005278
1	29	26.191025	24.036895	23.524181	26.242359	0.00554
1	30	26.114434	24.126924	23.582094	26.17046	0.006088
1	31	26.156149	24.082751	23.549579	26.205436	0.006085
1	32	26.138829	24.101241	23.549891	26.203348	0.006691
1	33	26.042863	24.201985	23.632436	26.115627	0.007089
1	34	26.085128	24.160615	23.580584	26.166653	0.007019
1	35	26.082609	24.145345	23.594498	26.170023	0.007525
1	36	26.025166	24.229306	23.64055	26.104919	0.000058
1	37	26.063409	24.183463	23.596418	26.156701	0.000008
1	38	26.064542	24.198926	23.593289	26.143148	0.000095
1	39	25.985582	24.279474	23.661113	26.073725	0.000106
1	40	26.035445	24.207125	23.615299	26.142123	0.000008
1	41	26.034059	24.209546	23.618287	26.1381	0.000008
1	42	25.957208	24.291869	23.695181	26.055698	0.000045
1	43	25.995998	24.258179	23.644128	26.101548	0.000147
1	44	26.039186	24.220193	23.603135	26.137477	0.000008
1	45	25.939072	24.312218	23.702691	26.045999	0.000019
1	46	25.98672	24.269542	23.62797	26.115526	0.000242
1	47	25.99867	24.276426	23.620217	26.104603	0.000083
1	48	25.926167	24.329028	23.696299	26.048453	0.000053
1	49	25.97742	24.269305	23.637948	26.115101	0.000225
1	50	26.002097	24.253899	23.61866	26.125135	0.000209
1	51	25.903689	24.362665	23.695309	26.037851	0.000487
1	52	25.988475	24.286702	23.61661	26.107963	0.00025
1	53	25.987188	24.283222	23.618721	26.110771	0.000097
1	54	25.901923	24.370886	23.685598	26.041522	0.000072
1	55	25.954322	24.309907	23.658932	26.076619	0.00022
1	56	25.966428	24.292482	23.632042	26.109012	0.000036
1	57	25.89899	24.362409	23.677639	26.0609	0.000061
1	58	25.960597	24.296444	23.645871	26.097063	0.000025
1	59	25.961443	24.304459	23.624094	26.109965	0.000039
1	60	25.913072	24.366995	23.682062	26.037866	0.000006
1	61	25.94686	24.334705	23.640386	26.078019	0.000031
1	62	25.927423	24.344598	23.647722	26.080063	0.000195
1	63	25.881986	24.394094	23.689916	26.033312	0.000693
1	64	25.927042	24.356266	23.645377	26.069741	0.001574
1	65	25.922831	24.336123	23.647824	26.088104	0.005118
1	66	25.875316	24.388369	23.694238	26.03831	0.003766
1	67	25.907148	24.36239	23.664794	26.063595	0.002072
1	68	25.921667	24.344058	23.65022	26.082786	0.001269
1	69	25.847743	24.421066	23.711184	26.019081	0.000926
1	70	25.890774	24.371045	23.67586	26.061895	0.000426
1	71	25.894651	24.381061	23.668604	26.055161	0.000523
1	72	25.867103	24.412227	23.710524	26.009384	0.000762
1	73	25.886188	24.38914	23.66949	26.053715	0.001466
1	74	25.91068	24.362088	23.658529	26.068346	0.000356
1	75	25.845008	24.426017	23.722913	26.005664	0.000398
1	76	25.868519	24.406405	23.692361	26.032037	0.000679
1	77	25.892558	24.368081	23.671525	26.067346	0.00049
1	78	25.819913	24.44586	23.716044	26.017588	0.000595
1	79	25.857435	24.398898	23.69142	26.050931	0.001316
1	80	25.866958	24.392583	23.67548	26.064294	0.000684
1	81	25.805534	24.447721	23.726174	26.019648	0.000924
1	82	25.859111	24.39043	23.683943	26.06591	0.000607
1	83	25.889906	24.364883	23.666365	26.077274	0.001572
1	84	25.805353	24.455335	23.74611	25.990581	0.002621
1	85	25.85604	24.389715	23.699341	26.053249	0.001656
1	86	25.870957	24.384816	23.685305	26.056701	0.002221
1	87	25.799779	24.445679	23.741427	26.011933	0.001183
1	88	25.838449	24.412798	23.711483	26.03562	0.00165
1	89	25.858712	24.392765	23.690052	26.05745	0.001021
1	90	25.807533	24.439999	23.753716	25.99684	0.001912
1	91	25.845592	24.393166	23.707046	26.0533	0.000896
1	92	25.848394	24.394006	23.709512	26.046392	0.001695
1	93	25.810402	24.437439	23.73193	26.019314	0.000916
1	94	25.851493	24.395307	23.717791	26.034977	0.000432
1	95	25.869408	24.383403	23.685131	26.061228	0.00083
1	96	25.792786	24.45	23.755403	26.001186	0.000624
1	97	25.854363	24.383807	23.70505	26.055818	0.000961
1	98	25.842323	24.392867	23.711934	26.052635	0.000242
1	99	25.810977	24.414177	23.760126	26.014154	0.000566
1	100	25.820888	24.404835	23.732991	26.041072	0.000215
1	101	25.839066	24.398295	23.703242	26.059207	0.00019
1	102	25.814254	24.426355	23.758481	26.000724	0.000187
1	103	25.826521	24.399533	23.732814	26.040737	0.000396
1	104	25.835475	24.378864	23.724017	26.061426	0.000218
1	105	25.804082	24.407065	23.766578	26.022055	0.000221
1	106	25.828261	24.376743	23.73231	26.062641	0.000045
1	107	25.852482	24.362517	23.721076	26.063797	0.000129
1	108	25.81235	24.38998	23.767594	26.030037	0.000039
1	109	25.841282	24.35723	23.731915	26.069413	0.00016
1	110	25.842697	24.33823	23.730741	26.088187	0.000146
1	111	25.802379	24.389773	23.762793	26.04504	0.000014
1	112	25.848038	24.342076	23.741412	26.068429	0.000045
1	113	25.860171	24.32655	23.721383	26.091763	0.000132
1	114	25.826054	24.363979	23.744847	26.064982	0.000138
1	115	25.845264	24.332858	23.732069	26.08975	0.000059
1	116	25.86806	24.314506	23.727584	26.089844	0.000006
1	117	25.829022	24.354061	23.753572	26.063261	0.000085
1	118	25.8665	24.304499	23.729627	26.099374	0
1	119	25.865573	24.288677	23.720715	26.125029	0.000006
1	120	25.826959	24.31098	23.790597	26.071409	0.000054
1	121	25.86226	24.296419	23.740564	26.100566	0.000191
1	122	25.867485	24.272652	23.72115	26.138685	0.000029
1	123	25.840463	24.322087	23.757197	26.080213	0.00004
1	124	25.868495	24.283991	23.737577	26.10973	0.000207
1	125	25.863137	24.273238	23.736714	26.126654	0.000257
1	126	25.843525	24.291181	23.77841	26.086791	0.000093
1	127	25.856356	24.267959	23.752907	26.122681	0.000096
1	128	25.882587	24.254469	23.721166	26.141644	0.000134
1	129	25.835181	24.284032	23.775668	26.103925	0.001194
1	130	25.860715	24.255468	23.743932	26.13926	0.000625
1	131	25.88646	24.243773	23.743333	26.12566	0.000773
1	132	25.852381	24.274245	23.775393	26.097522	0.000459
1	133	25.882207	24.249032	23.740129	26.1278	0.000833
1	134	25.884112	24.225189	23.744021	26.146118	0.00056
1	135	25.865181	24.248361	23.758952	26.126733	0.000773
1	136	25.861368	24.23454	23.753801	26.149864	0.000427
1	137	25.883229	24.206391	23.732558	26.177469	0.000353
1	138	25.862782	24.228779	23.77429	26.13397	0.000179
1	139	25.879569	24.22791	23.734255	26.158208	0.000059
1	140	25.910941	24.190732	23.720461	26.177781	0.000085
1	141	25.869708	24.227132	23.761395	26.14174	0.000025
1	142	25.898399	24.199148	23.732797	26.169248	0.000407
1	143	25.920069	24.171116	23.732356	26.176443	0.000016
1	144	25.868583	24.220304	23.76785	26.14304	0.000223
1	145	25.899716	24.178402	23.743883	26.177915	0.000085
1	146	25.91066	24.146717	23.722422	26.220149	0.000053
1	147	25.88202	24.187946	23.763493	26.166418	0.000123
1	148	25.848804	24.229474	23.810361	26.110869	0.000491
1	149	25.632425	24.53888	24.158959	25.668379	0.001357
1	150	24.912315	25.395096	25.222139	24.469261	0.001189
1	151	20.922646	30.728521	31.082931	17.265902	0
2	152	26.695083	23.19434	23.49572	26.580698	0.034159
2	153	27.241647	22.283423	22.481242	27.976189	0.017498
2	154	26.018594	23.446408	23.463235	27.061159	0.010604
2	155	26.282083	23.454261	23.255844	27.00094	0.006872
2	156	26.503618	23.384172	23.089097	27.018961	0.004152
2	157	25.773122	24.087501	23.993862	26.14277	0.002745
2	158	26.328525	23.492886	23.463895	26.713409	0.001285
2	159	26.500284	23.400878	23.22594	26.87101	0.001888
2	160	26.319295	23.554248	23.358479	26.765208	0.00277
2	161	26.462362	23.381792	23.200041	26.953305	0.0025
2	162	26.508368	23.384064	23.156494	26.948396	0.002678
2	163	26.447968	23.459937	23.231102	26.857019	0.003974
2	164	26.590109	23.324901	23.134521	26.944364	0.006104
2	165	26.590037	23.311797	23.12528	26.965619	0.007267
2	166	26.466695	23.474465	23.250944	26.800557	0.007339
2	167	26.478773	23.455318	23.253689	26.802047	0.010173
2	168	26.505618	23.459676	23.20174	26.822735	0.010231
2	169	26.349802	23.611817	23.330655	26.69825	0.009475
2	170	26.412733	23.57574	23.313455	26.686145	0.011928
2	171	26.430072	23.565005	23.283376	26.705141	0.016405
2	172	26.281146	23.72829	23.413665	26.563022	0.013877
2	173	26.32501	23.7008	23.383177	26.575011	0.016002
2	174	26.359942	23.664203	23.330146	26.629452	0.016258
2	175	26.226277	23.802695	23.466509	26.484257	0.020262
2	176	26.29628	23.742131	23.412536	26.529181	0.019873
2	177	26.326286	23.719703	23.368735	26.563195	0.022081
2	178	26.203312	23.833094	23.483681	26.454865	0.025048
2	179	26.268973	23.791402	23.434188	26.479051	0.026386
2	180	26.303449	23.764832	23.399902	26.505437	0.02638
2	181	26.179445	23.884156	23.496802	26.411073	0.028524
2	182	26.234061	23.851226	23.472029	26.410909	0.031775
2	183	26.248833	23.835224	23.435242	26.447871	0.032829
2	184	26.150262	23.954915	23.530302	26.334468	0.030054
2	185	26.18706	23.916699	23.495498	26.367128	0.033616
2	186	26.219486	23.886083	23.468455	26.391823	0.034153
2	187	26.124624	23.982283	23.539779	26.318024	0.035289
2	188	26.169124	23.945323	23.519295	26.331252	0.035005
2	189	26.185816	23.928732	23.467698	26.384493	0.033262
2	190	26.11472	24.010329	23.552865	26.28178	0.040306
2	191	26.134787	23.981242	23.531866	26.314434	0.037673
2	192	26.175168	23.958201	23.472802	26.352939	0.04089
2	193	26.056014	24.077474	23.578972	26.243602	0.043939
2	194	26.091906	24.035126	23.548492	26.279003	0.045474
2	195	26.131889	24.005122	23.504669	26.304397	0.053923
2	196	26.0189	24.098754	23.597367	26.231665	0.053314
2	197	26.07572	24.067881	23.561225	26.235377	0.059798
2	198	26.096916	24.038217	23.512032	26.28908	0.063755
2	199	25.995677	24.127067	23.618862	26.19709	0.061303
2	200	26.039645	24.090204	23.577692	26.225938	0.066521
2	201	26.063682	24.062664	23.530533	26.279579	0.063542
2	202	25.980179	24.155455	23.605298	26.19841	0.060658
2	203	26.038033	24.123969	23.564045	26.204387	0.069567
2	204	26.06161	24.091915	23.514939	26.264978	0.066558
2	205	25.971402	24.171955	23.612767	26.17968	0.064197
2	206	26.002574	24.141411	23.587206	26.202679	0.066131
2	207	26.036064	24.114	23.541552	26.233553	0.074831
2	208	25.956038	24.210528	23.602941	26.150068	0.080425
2	209	25.993409	24.157811	23.582308	26.188581	0.077891
2	210	26.026519	24.122825	23.538168	26.237663	0.074824
2	211	25.93619	24.231596	23.627141	26.133634	0.07144
2	212	25.974576	24.199633	23.610305	26.146828	0.068659
2	213	26.01969	24.153572	23.554685	26.211547	0.060507
2	214	25.935359	24.247531	23.628572	26.128466	0.060074
2	215	25.959343	24.225093	23.607267	26.15689	0.051407
2	216	26.010727	24.177127	23.550973	26.209348	0.051825
2	217	25.91587	24.266807	23.645552	26.123882	0.047889
2	218	25.965291	24.223214	23.6026	26.152942	0.055953
2	219	25.979026	24.196435	23.57134	26.208304	0.044894
2	220	25.9045	24.276367	23.651964	26.120409	0.046761
2	221	25.940362	24.251104	23.621944	26.142916	0.043674
2	222	25.978665	24.211129	23.588586	26.178834	0.042787
2	223	25.906141	24.291985	23.652422	26.109438	0.040014
2	224	25.941608	24.243034	23.623009	26.157333	0.035016
2	225	25.97729	24.212091	23.595597	26.181132	0.03389
2	226	25.892638	24.31003	23.680782	26.083378	0.033172
2	227	25.93743	24.255009	23.621514	26.152307	0.03374
2	228	25.956178	24.244796	23.602401	26.165937	0.030689
2	229	25.894622	24.305108	23.661707	26.106974	0.031588
2	230	25.915094	24.277923	23.63683	26.138356	0.031797
2	231	25.957857	24.255321	23.592726	26.160401	0.033695
2	232	25.892011	24.313434	23.657092	26.102632	0.034831
2	233	25.925819	24.269665	23.645227	26.126354	0.032934
2	234	25.949242	24.242762	23.601434	26.171265	0.035297
2	235	25.879465	24.340947	23.66844	26.072892	0.038255
2	236	25.930687	24.283775	23.644896	26.096242	0.0444
2	237	25.96089	24.251804	23.612719	26.136079	0.038508
2	238	25.872942	24.323128	23.680875	26.083396	0.039658
2	239	25.913041	24.297357	23.650029	26.098833	0.04074
2	240	25.933607	24.268358	23.642882	26.116864	0.03829
2	241	25.867709	24.349523	23.681214	26.059351	0.042204
2	242	25.905861	24.308956	23.673565	26.071343	0.040275
2	243	25.934702	24.282397	23.618537	26.125652	0.038711
2	244	25.86698	24.34637	23.692602	26.059876	0.034172
2	245	25.915758	24.304049	23.673533	26.066678	0.039981
2	246	25.919335	24.271368	23.655764	26.109753	0.04378
2	247	25.866622	24.353998	23.709195	26.032528	0.037657
2	248	25.909518	24.296009	23.679571	26.074577	0.040324
2	249	25.923596	24.276407	23.657272	26.099569	0.043155
2	250	25.863884	24.346214	23.697641	26.039834	0.052428
2	251	25.909303	24.310748	23.685635	26.042946	0.051369
2	252	25.920274	24.273766	23.663996	26.093974	0.047991
2	253	25.858739	24.328425	23.738176	26.023912	0.050748
2	254	25.902493	24.303712	23.708002	26.036118	0.049675
2	255	25.930827	24.268309	23.670099	26.078223	0.052542
2	256	25.868904	24.319392	23.727779	26.025906	0.058019
2	257	25.902906	24.290701	23.703957	26.03949	0.062946
2	258	25.931854	24.251402	23.662551	26.095485	0.058707
2	259	25.881355	24.310737	23.721777	26.022004	0.064128
2	260	25.90227	24.294676	23.705589	26.034739	0.062726
2	261	25.923653	24.245886	23.683977	26.08445	0.062033
2	262	25.876945	24.31257	23.71329	26.034678	0.062517
2	263	25.912784	24.280306	23.698321	26.055292	0.053298
2	264	25.928678	24.256625	23.683639	26.085074	0.045985
2	265	25.894969	24.292955	23.733572	26.035871	0.042633
2	266	25.901291	24.272003	23.732014	26.059772	0.03492
2	267	25.934786	24.234504	23.71326	26.079586	0.037865
2	268	25.883876	24.290238	23.747071	26.035087	0.043728
2	269	25.93684	24.24609	23.720409	26.038627	0.058034
2	270	25.949111	24.223221	23.69911	26.064031	0.064527
2	271	25.871634	24.283751	23.772004	26.01881	0.0538
2	272	25.932713	24.253754	23.730076	26.043656	0.039801
2	273	25.945827	24.21721	23.704063	26.08801	0.04489
2	274	25.885629	24.267489	23.765579	26.025159	0.056144
2	275	25.926176	24.243179	23.741877	26.030949	0.057819
2	276	25.94432	24.201416	23.703358	26.071599	0.079306
2	277	25.877019	24.242733	23.761313	26.028771	0.090164
2	278	25.910331	24.213704	23.738814	26.032055	0.105096
2	279	25.953792	24.180365	23.698617	26.052059	0.115168
2	280	25.88932	24.216776	23.760808	26.013673	0.119423
2	281	25.913562	24.204067	23.740756	26.014696	0.126918
2	282	25.941009	24.169152	23.708809	26.043415	0.137616
2	283	25.882435	24.207341	23.764483	26.000826	0.144915
2	284	25.91735	24.180702	23.741234	26.012481	0.148232
2	285	25.941276	24.150243	23.703045	26.056898	0.148539
2	286	25.88081	24.204846	23.767062	25.985608	0.161674
2	287	25.915538	24.17023	23.744989	25.999819	0.169423
2	288	25.931934	24.132824	23.709169	26.05138	0.174693
2	289	25.912071	24.158189	23.744385	26.004229	0.181126
2	290	25.925238	24.126656	23.741121	26.028403	0.178583
2	291	25.961579	24.108261	23.715516	26.0642	0.150444
2	292	25.925433	24.181058	23.768345	26.010505	0.114659
2	293	25.975436	24.150345	23.766007	26.02536	0.082851
2	294	26.007133	24.102152	23.734363	26.098368	0.057985
2	295	25.961057	24.157994	23.803188	26.033649	0.044112
2	296	25.97566	24.138593	23.794611	26.058519	0.032618
2	297	25.986957	24.115816	23.768295	26.092976	0.035956
2	298	25.936732	24.162459	23.818545	26.031972	0.050291
2	299	25.912782	24.185394	23.834414	25.99453	0.072881
2	300	25.456059	24.552817	24.184528	25.720232	0.086363
2	301	24.36769	25.508214	24.956719	25.056534	0.110843
2	302	16.781193	31.949385	30.551882	20.717504	0.000037


